0 114 voronoi20191213uppsla Input_FID
39 16
34 53 5 49 10 83 13 72 97 12 100 20 29 74 59 108
62 6
58 26 10 4 84 29
58 12
62 26 1 83 13 72 97 84 30 59 9 103
26 20
62 58 34 5 10 91 83 13 22 97 114 35 84 63 30 15 43 14 59 108
34 6
39 26 12 35 84 74
1 10
58 53 49 10 72 4 84 30 20 74
53 11
39 1 72 4 22 64 43 29 113 79 74
5 5
39 26 10 30 29
49 12
39 1 91 4 22 97 64 114 20 29 113 74
10 11
39 62 26 1 5 100 63 90 15 43 20
91 11
26 49 72 22 64 15 37 74 106 41 112
83 12
39 58 26 13 72 97 65 28 45 54 105 103
13 13
39 58 26 83 72 114 28 45 61 57 9 54 108
72 18
39 58 1 53 91 83 13 2 64 20 29 113 74 65 61 59 108 82
4 19
62 1 53 49 22 114 84 30 14 20 29 74 65 28 45 61 9 54 103
22 11
26 53 49 91 4 97 37 96 113 61 82
97 15
39 58 26 49 83 22 2 14 33 45 59 48 57 108 82
2 13
72 97 14 89 3 37 113 73 61 48 88 51 70
64 14
53 49 91 72 114 89 3 79 73 82 88 51 70 106
114 12
26 49 13 4 64 14 96 65 33 48 57 51
12 8
39 34 63 30 90 29 74 110
35 12
26 34 84 30 15 85 16 31 43 20 29 110
100 7
39 10 63 30 85 31 74
84 11
62 58 26 34 1 4 35 90 29 74 110
63 11
26 10 12 100 66 43 20 29 99 110 112
30 10
58 26 1 5 4 12 35 100 29 74
90 7
10 12 84 15 85 16 74
15 15
26 10 91 35 90 16 31 6 20 29 79 109 110 41 42
85 9
35 100 90 6 43 74 99 112 42
16 6
35 90 15 66 74 110
31 5
35 100 15 66 74
66 14
63 16 31 43 74 109 110 78 112 32 81 98 36 67
6 10
15 85 43 79 41 32 81 98 36 67
43 15
26 53 10 35 63 85 66 6 14 29 113 109 99 106 41
14 11
26 4 97 2 114 43 37 96 20 79 106
89 15
2 64 113 79 73 82 88 51 70 47 75 76 93 41 27
3 13
2 64 37 82 88 51 70 47 75 106 76 93 27
37 14
91 22 2 14 3 79 73 82 88 51 70 41 27 107
96 13
22 114 14 113 61 48 52 69 40 75 106 68 107
20 14
39 1 49 10 72 4 35 63 15 14 29 113 79 112
29 15
39 62 53 5 49 72 4 12 35 84 63 30 15 43 20
113 13
53 49 72 22 2 43 89 96 20 41 27 107 112
79 16
53 64 15 6 14 89 37 20 74 109 99 27 107 55 78 36
73 14
2 64 89 37 82 88 51 40 47 106 76 93 68 27
74 20
39 34 1 53 49 91 72 4 12 100 84 30 90 85 16 31 66 79 99 112
109 10
15 66 43 79 99 106 27 55 36 42
99 9
63 85 43 79 74 109 41 78 42
110 7
12 35 84 63 15 16 66
65 13
83 72 4 114 33 28 48 9 54 60 82 19 111
33 10
97 114 65 45 52 82 19 51 102 7
28 11
83 13 4 65 57 86 9 105 19 92 17
45 14
83 13 4 97 33 61 86 9 54 105 111 102 92 17
61 12
13 72 4 22 2 96 45 59 52 19 111 51
59 12
39 58 26 72 97 61 57 108 105 60 19 103
48 12
97 2 114 96 65 57 19 88 69 40 102 7
52 11
96 33 61 57 82 19 88 70 102 68 77
57 12
13 97 114 28 59 48 52 60 82 102 7 92
86 11
28 45 54 105 71 19 25 102 24 104 95
8 10
23 105 17 101 38 95 21 103 42 67
23 13
8 105 60 92 104 44 80 101 38 87 32 21 103
9 9
58 13 4 65 28 45 60 71 17
54 12
83 13 4 65 45 86 108 71 19 92 17 103
108 9
39 26 13 72 97 59 54 105 71
105 14
83 28 45 59 86 8 23 108 19 92 46 95 32 21
60 12
65 59 57 23 9 71 111 102 46 94 104 103
71 15
86 9 54 108 60 25 24 46 94 101 38 87 98 42 67
82 16
72 22 97 64 89 3 37 73 65 33 52 57 88 111 69 70
19 17
65 33 28 61 59 48 52 86 54 105 7 94 17 56 77 104 80
88 12
2 64 89 3 37 73 48 52 82 7 75 68
111 14
65 45 61 60 82 69 51 40 92 68 56 77 104 80
69 7
96 48 82 111 70 7 68
51 13
2 64 114 89 3 37 73 33 61 111 70 40 7
70 13
2 64 89 3 37 52 82 69 51 47 7 77 107
40 9
96 73 48 111 51 47 102 75 77
47 11
89 3 73 70 40 102 7 106 93 56 27
25 14
86 71 46 94 17 93 56 104 80 38 32 21 11 67
102 15
33 45 48 52 57 86 60 40 47 24 94 76 93 68 44
7 15
33 48 57 19 88 69 51 70 47 92 75 76 56 104 80
92 14
28 45 57 23 54 105 111 7 24 46 17 56 77 80
24 12
86 71 102 92 46 17 93 56 101 95 87 11
75 11
89 3 96 88 40 7 106 76 93 77 27
46 8
105 60 71 25 92 24 94 95
94 10
60 71 19 25 102 46 17 44 80 95
17 14
28 45 8 9 54 19 25 92 24 94 95 32 21 103
106 17
91 64 43 14 3 96 73 109 47 75 76 93 55 78 112 11 36
76 12
89 3 73 102 7 75 106 68 44 27 80 11
93 16
89 3 73 47 25 102 24 75 106 77 41 55 18 80 101 67
68 10
96 73 52 88 111 69 102 76 56 107
56 13
19 111 47 25 7 92 24 68 104 27 107 101 11
77 12
52 19 111 70 40 92 75 93 104 44 107 80
104 10
86 23 60 19 111 25 7 56 77 44
44 15
23 102 94 76 77 104 27 107 55 18 38 95 87 32 67
41 14
91 15 6 43 89 37 113 99 93 107 18 11 81 42
27 18
89 3 37 113 79 73 109 47 75 76 56 44 78 18 112 101 36 67
107 12
37 96 113 79 70 68 56 77 44 41 55 11
55 13
79 109 106 93 44 107 78 112 101 50 81 42 67
78 12
66 79 99 106 27 55 18 112 32 81 98 67
18 8
93 44 41 27 78 101 32 42
112 13
91 63 85 66 20 113 74 106 27 55 78 36 42
80 12
23 19 111 25 7 92 94 76 93 77 101 11
101 16
8 23 71 24 93 56 27 55 18 80 95 21 50 81 98 42
38 9
8 23 71 25 44 11 98 42 67
95 11
86 8 105 24 46 94 17 44 101 32 103
87 8
23 71 24 44 32 21 11 67
32 16
66 6 23 105 25 17 44 78 18 95 87 11 50 81 36 103
21 11
8 23 105 25 17 101 87 98 103 42 67
11 15
25 24 106 76 56 41 107 80 38 87 32 50 81 36 42
50 6
55 101 32 11 36 42
81 9
66 6 41 55 78 101 32 11 98
98 10
66 6 71 78 101 38 21 81 36 67
36 12
66 6 79 109 106 27 112 32 11 50 98 67
103 12
58 83 4 59 8 23 54 60 17 95 32 21
42 15
15 85 109 99 8 71 41 55 18 112 101 38 21 11 50
67 15
66 6 8 71 25 93 44 27 55 78 38 87 21 98 36
