0 114 voronoi20191213uppsla Input_FID
39 7
62 58 26 1 4 84 30
62 5
39 34 1 5 30
58 3
108 4 39
26 9
39 1 53 49 72 4 20 29 74
34 6
62 1 5 10 30 29
1 6
39 62 26 34 5 29
53 5
26 49 91 14 20
5 3
1 62 34
49 4
26 53 72 14
10 7
34 12 35 84 30 29 74
91 6
53 43 14 20 113 79
83 4
4 59 9 108
13 4
4 97 65 59
72 7
26 49 4 22 97 114 14
4 9
39 58 26 83 13 72 97 59 108
22 5
72 2 64 114 14
97 6
13 72 4 114 65 61
2 5
22 64 114 96 82
64 6
22 2 14 37 96 113
114 6
72 22 97 2 61 82
12 4
10 35 100 84
35 6
10 12 100 63 90 74
100 5
12 35 84 90 110
84 5
39 10 12 100 30
63 7
35 90 15 85 16 31 74
30 5
39 62 34 10 84
90 5
35 100 63 31 110
15 7
63 85 66 43 74 99 112
85 6
63 15 16 31 66 110
16 3
63 85 31
31 5
63 90 85 16 110
66 5
15 85 6 99 42
6 6
66 109 99 78 112 42
43 6
91 15 20 79 74 112
14 7
53 49 91 72 22 64 113
89 5
3 37 96 106 107
3 4
89 96 73 107
37 5
64 89 96 113 106
96 10
2 64 89 3 37 73 82 88 51 70
20 5
26 53 91 43 74
29 5
26 34 1 10 74
113 6
91 64 14 37 79 106
79 6
91 43 113 106 41 112
73 5
3 96 70 75 107
74 8
26 10 35 63 15 43 20 29
109 4
6 41 78 112
99 4
15 66 6 112
110 4
100 90 85 31
65 6
13 97 45 61 59 57
33 4
61 48 57 111
28 4
45 59 54 60
45 6
65 28 59 57 60 19
61 7
97 114 65 33 48 57 82
59 8
83 13 4 65 28 45 9 54
48 6
33 61 52 82 111 51
52 6
48 111 69 51 40 7
57 6
65 33 45 61 19 111
86 6
23 60 92 46 94 17
8 3
71 32 98
23 8
86 71 25 24 46 94 17 95
9 6
83 59 54 108 105 103
54 5
28 59 9 105 60
108 5
58 83 4 9 103
105 6
9 54 60 71 17 103
60 8
28 45 86 54 105 19 92 17
71 8
8 23 105 17 95 32 21 103
82 6
2 114 96 61 48 51
19 6
45 57 60 111 102 92
88 5
96 69 51 70 40
111 7
57 33 7 102 19 52 48
69 4
52 88 51 40
51 6
96 48 52 82 88 69
70 6
96 73 88 40 75 68
40 6
52 88 69 70 7 68
47 5
75 76 68 77 107
25 6
23 24 44 101 95 87
102 8
19 111 7 92 56 77 104 80
7 6
52 111 40 102 68 77
92 6
86 60 19 102 94 104
24 6
23 25 94 104 44 80
75 5
73 70 47 68 107
46 3
86 23 17
94 5
86 23 92 24 104
17 6
86 23 105 60 71 46
106 7
89 37 113 79 41 27 107
76 5
47 93 56 77 107
93 6
76 56 44 27 107 11
68 6
70 40 47 7 75 77
56 6
102 76 93 77 44 80
77 6
7 102 56 68 76 47
104 5
102 92 24 94 80
44 7
25 24 93 56 80 101 11
41 8
79 109 106 27 55 78 112 36
27 6
106 93 41 107 55 11
107 9
89 3 73 47 75 106 76 93 27
55 5
41 27 18 11 36
78 5
6 109 41 36 42
18 6
55 11 50 81 36 67
112 7
41 109 6 79 43 15 99
80 5
102 44 104 56 24
101 7
25 44 38 87 32 11 67
38 5
101 95 87 32 21
95 6
23 71 25 38 87 21
87 4
25 101 38 95
32 8
8 71 101 38 21 98 42 67
21 4
71 38 95 32
11 7
93 44 27 55 18 101 67
50 3
67 81 18
81 5
18 50 36 42 67
98 3
8 32 42
36 6
41 55 78 18 81 42
103 4
9 108 105 71
42 8
66 6 78 32 81 98 36 67
67 7
18 101 32 11 50 81 42
