0 114 voronoi20191213uppsla Input_FID
39 17
91 22 114 35 63 90 15 43 14 110 65 28 45 61 9 54 103
62 13
53 49 83 13 72 97 12 35 100 20 74 59 108
58 20
34 53 5 49 10 22 114 12 100 14 20 29 74 65 28 45 61 54 105 71
26 21
2 64 12 100 90 85 16 31 66 113 79 99 65 28 45 61 9 54 82 112 103
34 11
58 53 49 72 4 100 63 90 15 43 20
1 15
91 83 13 22 97 114 12 35 100 63 15 43 14 59 108
53 22
62 58 34 5 10 83 13 97 2 114 35 84 63 30 15 37 96 59 108 106 41 112
5 10
58 53 49 72 4 12 35 84 20 74
49 23
62 58 34 5 10 83 13 2 35 84 63 30 15 43 37 96 79 65 61 59 108 82 106
10 14
58 53 49 91 72 4 85 16 31 66 79 99 110 112
91 22
39 1 10 4 97 2 114 35 63 85 66 6 89 96 29 109 99 27 107 55 78 36
83 18
62 1 53 49 22 114 84 30 14 20 29 74 61 57 60 71 19 17
13 20
62 1 53 49 22 2 84 30 14 20 29 74 33 48 105 60 82 19 111 103
72 23
62 34 5 10 35 84 63 30 15 43 37 96 79 33 28 45 48 57 9 54 51 106 103
4 21
34 5 10 91 2 64 12 35 100 63 15 43 113 33 48 57 105 60 71 82 19
22 23
39 58 1 83 13 43 89 3 20 29 79 73 74 65 33 59 48 57 108 88 51 70 106
97 21
62 1 53 91 64 84 30 96 20 29 113 74 28 52 9 54 60 19 111 51 103
2 18
26 53 49 91 13 4 79 65 33 52 57 111 69 40 75 106 68 107
64 16
26 4 97 43 20 61 48 52 69 40 75 68 41 27 107 112
114 23
39 58 1 53 91 83 89 3 37 20 29 113 73 74 45 59 52 108 19 88 111 69 70
12 12
62 58 26 1 5 4 15 85 16 31 43 20
35 13
39 62 1 53 5 49 91 72 4 66 79 99 112
100 12
62 58 26 34 1 4 15 16 66 43 20 29
84 15
53 5 49 83 13 72 97 63 15 85 31 43 20 59 108
63 15
39 34 1 53 49 91 72 4 84 30 6 79 109 41 42
30 14
53 49 83 13 72 97 63 90 15 43 20 110 59 108
90 10
39 26 34 30 66 43 20 29 99 112
15 22
39 34 1 53 49 72 4 12 100 84 30 14 113 106 27 55 78 32 81 98 36 67
85 16
26 10 91 12 84 20 29 79 109 41 78 32 81 98 36 67
16 11
26 10 12 100 6 43 20 29 99 112 42
31 11
26 10 12 84 6 43 20 29 99 112 42
66 19
26 10 91 35 100 90 20 29 79 8 71 41 55 18 101 38 21 11 50
6 19
91 63 16 31 20 113 74 110 8 71 106 27 55 18 101 38 21 11 50
43 24
39 34 1 49 72 4 22 64 12 100 84 30 90 16 31 89 37 110 27 107 55 78 36 42
14 23
39 58 1 83 13 15 89 3 29 73 74 65 61 59 108 82 88 51 70 41 27 107 112
89 20
91 22 114 43 14 109 61 48 52 69 40 68 56 77 44 55 78 112 11 36
3 17
22 114 14 113 79 61 48 52 69 40 68 56 77 44 41 55 11
37 22
53 49 72 114 43 20 109 61 48 52 69 40 47 75 76 93 68 55 78 112 11 36
96 17
53 49 91 72 97 79 65 33 57 111 47 7 76 93 77 41 27
20 27
62 58 34 5 83 13 22 97 64 114 12 100 84 30 90 85 16 31 66 6 37 109 99 59 108 106 41
29 19
58 91 83 13 22 97 114 100 90 85 16 31 66 14 79 99 59 108 112
113 23
26 4 97 114 15 6 3 73 74 109 99 82 88 51 70 47 75 76 93 55 78 11 36
79 22
26 49 10 72 22 2 35 63 85 66 3 96 29 73 47 75 76 93 18 11 81 42
73 16
22 114 14 113 79 61 48 52 69 7 56 77 44 41 55 11
74 18
62 58 5 83 13 22 97 114 6 14 113 109 110 59 108 106 41 42
109 16
91 63 85 89 37 20 113 74 93 107 18 32 11 81 98 67
99 19
26 10 91 35 90 16 31 20 29 113 110 106 27 55 32 81 98 36 67
110 9
39 10 30 6 43 74 99 112 42
65 18
39 58 26 49 22 2 14 96 52 86 108 105 51 102 7 92 17 103
33 18
13 72 4 22 2 96 28 59 60 88 69 40 92 68 56 77 104 80
28 16
39 58 26 72 97 33 61 23 108 71 111 102 46 94 104 103
45 19
39 58 26 72 114 48 52 23 108 71 82 7 46 94 56 77 104 80 103
61 23
39 58 26 49 83 64 14 89 3 37 73 28 9 54 108 60 88 69 70 40 102 7 92
59 21
62 1 53 49 22 114 84 30 14 20 29 74 33 48 86 71 82 111 102 92 17
48 19
13 72 4 22 64 89 3 37 73 45 59 60 70 92 68 56 77 104 80
52 18
97 2 64 114 89 3 37 73 65 45 60 47 92 75 76 56 104 80
57 20
83 72 4 22 2 96 86 9 54 105 69 51 40 94 17 68 56 77 104 80
86 17
65 59 57 8 9 111 7 56 77 44 80 101 38 87 32 21 103
8 19
66 6 86 9 54 108 60 25 24 46 94 44 78 18 87 11 50 81 36
23 13
28 45 9 54 108 19 102 93 56 11 98 42 67
9 15
39 26 72 97 61 57 86 8 23 19 92 46 95 32 21
54 17
39 58 26 72 97 61 57 8 23 111 102 46 94 104 95 32 21
108 23
62 1 53 49 22 114 84 30 14 20 29 74 65 28 45 61 8 23 60 17 95 32 21
105 17
58 13 4 65 57 111 25 102 24 94 104 101 38 87 98 42 67
60 19
83 13 4 97 33 61 48 52 8 108 25 7 24 56 77 80 95 32 21
71 19
58 83 4 66 6 28 45 59 19 92 104 44 78 18 80 11 50 81 36
82 16
26 49 13 4 14 113 45 59 19 40 102 7 75 106 68 107
19 20
83 13 4 97 114 23 9 71 82 69 51 40 47 24 46 76 93 68 44 103
88 12
22 114 14 113 33 61 111 47 102 106 77 107
111 20
13 97 2 114 96 28 59 86 54 105 88 70 47 24 75 94 17 76 93 44
69 15
2 64 114 89 3 37 73 33 61 57 19 47 102 75 77
51 14
72 22 97 14 113 65 57 19 102 75 106 68 77 107
70 13
22 114 14 113 61 48 111 102 106 76 93 56 27
40 16
2 64 89 3 37 33 61 57 82 19 92 76 56 104 107 80
47 16
37 96 113 79 52 19 88 111 69 92 104 44 41 55 80 11
25 16
8 105 60 102 92 76 77 27 107 55 18 50 81 98 103 42
102 20
65 28 61 59 23 54 105 82 88 69 51 70 25 75 46 17 27 107 101 11
7 13
96 73 65 45 61 86 60 82 24 94 93 44 107
92 17
65 33 61 59 48 52 9 71 40 47 25 76 93 68 44 95 103
24 17
8 105 60 19 111 7 76 77 27 107 55 18 38 32 21 103 67
75 16
2 64 37 113 79 52 82 111 69 51 102 56 44 41 55 11
46 16
28 45 8 9 54 19 102 104 44 80 101 38 87 32 21 103
94 18
28 45 57 8 54 105 111 7 93 56 77 101 38 87 32 21 11 103
17 16
83 65 59 57 108 111 102 104 44 80 101 38 87 98 42 67
106 23
53 49 72 22 2 15 6 20 74 99 82 88 51 70 68 56 77 44 18 101 81 42 67
76 18
37 96 113 79 52 19 111 70 40 25 92 24 104 41 55 18 101 67
93 24
37 96 113 79 109 23 19 111 70 7 92 94 68 104 78 112 38 95 87 32 50 81 36 42
68 18
2 64 89 3 37 33 48 57 82 19 51 92 106 93 104 44 27 80
56 24
89 3 73 33 45 48 52 57 86 23 60 70 40 75 94 106 41 55 18 38 95 87 32 67
77 20
89 3 96 73 33 45 48 57 86 60 88 69 51 25 24 94 106 27 101 11
104 20
33 28 45 48 52 57 54 105 71 40 47 46 17 76 93 68 101 95 87 11
44 23
89 3 73 86 8 71 19 111 47 7 92 75 46 17 106 68 41 21 50 81 98 36 42
41 21
53 64 63 85 66 14 3 96 20 73 74 47 75 76 56 44 101 32 50 98 67
27 21
91 64 15 6 43 14 96 99 70 25 102 24 68 77 80 38 87 32 50 81 42
107 21
91 2 64 43 14 109 82 88 51 40 25 102 7 24 78 18 112 80 101 36 67
55 22
91 15 66 6 43 89 3 37 113 73 99 47 25 24 75 76 56 80 38 87 32 98
78 16
91 15 85 43 89 37 113 8 71 93 107 101 38 21 11 50
18 18
66 6 79 109 8 71 25 24 106 76 56 107 112 80 38 87 21 98
112 21
26 53 10 64 35 90 16 31 14 89 37 29 110 93 107 18 32 11 81 98 67
80 22
33 45 48 52 57 86 60 71 40 47 46 17 68 27 107 55 18 38 95 87 32 67
101 17
66 6 86 105 102 46 94 17 106 76 77 104 41 107 78 36 103
38 19
66 6 86 105 24 46 94 17 93 56 27 55 78 18 80 50 81 36 103
95 13
9 54 108 60 92 93 56 104 80 11 98 42 67
87 18
86 8 105 46 94 17 93 56 104 27 55 18 80 50 81 98 103 42
32 19
15 85 109 99 86 9 54 108 60 24 46 94 93 56 41 27 55 112 80
21 17
66 6 86 9 54 108 60 24 46 94 44 78 18 11 50 81 36
11 23
66 6 89 3 37 113 79 73 109 8 23 71 47 102 75 94 77 104 78 112 95 21 98
50 14
66 6 8 71 25 93 44 41 27 78 38 87 21 98
81 16
15 85 79 109 99 8 71 25 106 93 44 27 112 38 87 21
98 18
15 85 109 99 23 105 25 17 44 41 55 18 112 95 87 11 50 103
36 16
91 15 85 43 89 37 113 99 8 71 93 44 107 101 38 21
103 21
39 26 13 72 97 65 28 45 86 19 25 92 24 46 94 101 38 87 98 42 67
42 18
63 16 31 43 79 74 110 23 105 25 17 106 93 44 27 95 87 103
67 17
15 85 109 99 23 105 24 17 106 76 56 41 107 112 80 95 103
